Original standard problem matrix
Current state of A
1		1		1		1		1		1		1		1		1		1		1		1		1		1		1		1		1		1		1		0		0		0		0		0		0		2		
4		4		4		4		4		4		4		4		4		4		4		4		4		4		4		4		4		4		0		0		0		-1		0		0		0		2		
2		4		0		0		0		0		0		0		0		0		0		0		0		0		0		0		0		0		0		1		-1		0		1		0		0		2		
0		0		4		0		0		0		0		0		0		0		0		0		0		0		0		0		4		0		0		1		-1		0		0		-1		0		0		
0		0		0		0		0		0		0		0		0		0		0		0		0		0		0		0		0		0		0		1		-1		0		0		0		1		0		
1		1		1		1		1		1		1		1		1		1		1		1		1		1		1		1		1		1		-1		1		-1		0		0		0		0		0		

For first phase problem we consider the cost function: SumOfTheNewVariables 
First phase problem matrix
Current state of A
1		1		1		1		1		1		1		1		1		1		1		1		1		1		1		1		1		1		1		0		0		0		0		0		0		1		0		0		0		0		2		
4		4		4		4		4		4		4		4		4		4		4		4		4		4		4		4		4		4		0		0		0		-1		0		0		0		0		1		0		0		0		2		
2		4		0		0		0		0		0		0		0		0		0		0		0		0		0		0		0		0		0		1		-1		0		1		0		0		0		0		1		0		0		2		
0		0		4		0		0		0		0		0		0		0		0		0		0		0		0		0		4		0		0		1		-1		0		0		-1		0		0		0		0		1		0		0		
0		0		0		0		0		0		0		0		0		0		0		0		0		0		0		0		0		0		0		1		-1		0		0		0		1		0		0		0		0		1		0		
0		0		0		0		0		0		0		0		0		0		0		0		0		0		0		0		0		0		0		0		0		0		0		0		0		1		1		1		1		1		0		

Before executing simplex, we need to make relative cost of basis variables zero
This is accomplished by adding each restriction row to the cost row
First phase matrix
Current state of A
1		1		1		1		1		1		1		1		1		1		1		1		1		1		1		1		1		1		1		0		0		0		0		0		0		1		0		0		0		0		2		
4		4		4		4		4		4		4		4		4		4		4		4		4		4		4		4		4		4		0		0		0		-1		0		0		0		0		1		0		0		0		2		
2		4		0		0		0		0		0		0		0		0		0		0		0		0		0		0		0		0		0		1		-1		0		1		0		0		0		0		1		0		0		2		
0		0		4		0		0		0		0		0		0		0		0		0		0		0		0		0		4		0		0		1		-1		0		0		-1		0		0		0		0		1		0		0		
0		0		0		0		0		0		0		0		0		0		0		0		0		0		0		0		0		0		0		1		-1		0		0		0		1		0		0		0		0		1		0		
-7		-9		-9		-5		-5		-5		-5		-5		-5		-5		-5		-5		-5		-5		-5		-5		-9		-5		-1		-3		3		1		-1		1		-1		0		0		0		0		0		-6		


 ========== We start the first phase problem


State of the simplex matrix:
Current state of A
1		1		1		1		1		1		1		1		1		1		1		1		1		1		1		1		1		1		1		0		0		0		0		0		0		1		0		0		0		0		2		
4		4		4		4		4		4		4		4		4		4		4		4		4		4		4		4		4		4		0		0		0		-1		0		0		0		0		1		0		0		0		2		
2		4		0		0		0		0		0		0		0		0		0		0		0		0		0		0		0		0		0		1		-1		0		1		0		0		0		0		1		0		0		2		
0		0		4		0		0		0		0		0		0		0		0		0		0		0		0		0		4		0		0		1		-1		0		0		-1		0		0		0		0		1		0		0		
0		0		0		0		0		0		0		0		0		0		0		0		0		0		0		0		0		0		0		1		-1		0		0		0		1		0		0		0		0		1		0		
-7		-9		-9		-5		-5		-5		-5		-5		-5		-5		-5		-5		-5		-5		-5		-5		-9		-5		-1		-3		3		1		-1		1		-1		0		0		0		0		0		-6		

variable that enters the basis: 0
pivot row: 1
Elementary operations for this step:
	R1 <- (1/4)R1
	R0 <- R0 - (1)R1
	R2 <- R2 - (2)R1
	R5 <- R5 - (-7)R1


State of the simplex matrix:
Current state of A
0		0		0		0		0		0		0		0		0		0		0		0		0		0		0		0		0		0		1		0		0		1/4		0		0		0		1		-1/4		0		0		0		3/2		
1		1		1		1		1		1		1		1		1		1		1		1		1		1		1		1		1		1		0		0		0		-1/4		0		0		0		0		1/4		0		0		0		1/2		
0		2		-2		-2		-2		-2		-2		-2		-2		-2		-2		-2		-2		-2		-2		-2		-2		-2		0		1		-1		1/2		1		0		0		0		-1/2		1		0		0		1		
0		0		4		0		0		0		0		0		0		0		0		0		0		0		0		0		4		0		0		1		-1		0		0		-1		0		0		0		0		1		0		0		
0		0		0		0		0		0		0		0		0		0		0		0		0		0		0		0		0		0		0		1		-1		0		0		0		1		0		0		0		0		1		0		
0		-2		-2		2		2		2		2		2		2		2		2		2		2		2		2		2		-2		2		-1		-3		3		-3/4		-1		1		-1		0		7/4		0		0		0		-5/2		

variable that enters the basis: 1
pivot row: 1
Elementary operations for this step:
	R1 <- (1)R1
	R2 <- R2 - (2)R1
	R5 <- R5 - (-2)R1


State of the simplex matrix:
Current state of A
0		0		0		0		0		0		0		0		0		0		0		0		0		0		0		0		0		0		1		0		0		1/4		0		0		0		1		-1/4		0		0		0		3/2		
1		1		1		1		1		1		1		1		1		1		1		1		1		1		1		1		1		1		0		0		0		-1/4		0		0		0		0		1/4		0		0		0		1/2		
-2		0		-4		-4		-4		-4		-4		-4		-4		-4		-4		-4		-4		-4		-4		-4		-4		-4		0		1		-1		1		1		0		0		0		-1		1		0		0		0		
0		0		4		0		0		0		0		0		0		0		0		0		0		0		0		0		4		0		0		1		-1		0		0		-1		0		0		0		0		1		0		0		
0		0		0		0		0		0		0		0		0		0		0		0		0		0		0		0		0		0		0		1		-1		0		0		0		1		0		0		0		0		1		0		
2		0		0		4		4		4		4		4		4		4		4		4		4		4		4		4		0		4		-1		-3		3		-5/4		-1		1		-1		0		9/4		0		0		0		-3/2		

variable that enters the basis: 18
pivot row: 0
Elementary operations for this step:
	R0 <- (1)R0
	R5 <- R5 - (-1)R0


State of the simplex matrix:
Current state of A
0		0		0		0		0		0		0		0		0		0		0		0		0		0		0		0		0		0		1		0		0		1/4		0		0		0		1		-1/4		0		0		0		3/2		
1		1		1		1		1		1		1		1		1		1		1		1		1		1		1		1		1		1		0		0		0		-1/4		0		0		0		0		1/4		0		0		0		1/2		
-2		0		-4		-4		-4		-4		-4		-4		-4		-4		-4		-4		-4		-4		-4		-4		-4		-4		0		1		-1		1		1		0		0		0		-1		1		0		0		0		
0		0		4		0		0		0		0		0		0		0		0		0		0		0		0		0		4		0		0		1		-1		0		0		-1		0		0		0		0		1		0		0		
0		0		0		0		0		0		0		0		0		0		0		0		0		0		0		0		0		0		0		1		-1		0		0		0		1		0		0		0		0		1		0		
2		0		0		4		4		4		4		4		4		4		4		4		4		4		4		4		0		4		0		-3		3		-1		-1		1		-1		1		2		0		0		0		0		

variable that enters the basis: 19
pivot row: 2
Elementary operations for this step:
	R2 <- (1)R2
	R3 <- R3 - (1)R2
	R4 <- R4 - (1)R2
	R5 <- R5 - (-3)R2


State of the simplex matrix:
Current state of A
0		0		0		0		0		0		0		0		0		0		0		0		0		0		0		0		0		0		1		0		0		1/4		0		0		0		1		-1/4		0		0		0		3/2		
1		1		1		1		1		1		1		1		1		1		1		1		1		1		1		1		1		1		0		0		0		-1/4		0		0		0		0		1/4		0		0		0		1/2		
-2		0		-4		-4		-4		-4		-4		-4		-4		-4		-4		-4		-4		-4		-4		-4		-4		-4		0		1		-1		1		1		0		0		0		-1		1		0		0		0		
2		0		8		4		4		4		4		4		4		4		4		4		4		4		4		4		8		4		0		0		0		-1		-1		-1		0		0		1		-1		1		0		0		
2		0		4		4		4		4		4		4		4		4		4		4		4		4		4		4		4		4		0		0		0		-1		-1		0		1		0		1		-1		0		1		0		
-4		0		-12		-8		-8		-8		-8		-8		-8		-8		-8		-8		-8		-8		-8		-8		-12		-8		0		0		0		2		2		1		-1		1		-1		3		0		0		0		

variable that enters the basis: 0
pivot row: 3
Elementary operations for this step:
	R3 <- (1/2)R3
	R1 <- R1 - (1)R3
	R2 <- R2 - (-2)R3
	R4 <- R4 - (2)R3
	R5 <- R5 - (-4)R3


State of the simplex matrix:
Current state of A
0		0		0		0		0		0		0		0		0		0		0		0		0		0		0		0		0		0		1		0		0		1/4		0		0		0		1		-1/4		0		0		0		3/2		
0		1		-3		-1		-1		-1		-1		-1		-1		-1		-1		-1		-1		-1		-1		-1		-3		-1		0		0		0		1/4		1/2		1/2		0		0		-1/4		1/2		-1/2		0		1/2		
0		0		4		0		0		0		0		0		0		0		0		0		0		0		0		0		4		0		0		1		-1		0		0		-1		0		0		0		0		1		0		0		
1		0		4		2		2		2		2		2		2		2		2		2		2		2		2		2		4		2		0		0		0		-1/2		-1/2		-1/2		0		0		1/2		-1/2		1/2		0		0		
0		0		-4		0		0		0		0		0		0		0		0		0		0		0		0		0		-4		0		0		0		0		0		0		1		1		0		0		0		-1		1		0		
0		0		4		0		0		0		0		0		0		0		0		0		0		0		0		0		4		0		0		0		0		0		0		-1		-1		1		1		1		2		0		0		

variable that enters the basis: 23
pivot row: 4
Elementary operations for this step:
	R4 <- (1)R4
	R1 <- R1 - (1/2)R4
	R2 <- R2 - (-1)R4
	R3 <- R3 - (-1/2)R4
	R5 <- R5 - (-1)R4


State of the simplex matrix:
Current state of A
0		0		0		0		0		0		0		0		0		0		0		0		0		0		0		0		0		0		1		0		0		1/4		0		0		0		1		-1/4		0		0		0		3/2		
0		1		-1		-1		-1		-1		-1		-1		-1		-1		-1		-1		-1		-1		-1		-1		-1		-1		0		0		0		1/4		1/2		0		-1/2		0		-1/4		1/2		0		-1/2		1/2		
0		0		0		0		0		0		0		0		0		0		0		0		0		0		0		0		0		0		0		1		-1		0		0		0		1		0		0		0		0		1		0		
1		0		2		2		2		2		2		2		2		2		2		2		2		2		2		2		2		2		0		0		0		-1/2		-1/2		0		1/2		0		1/2		-1/2		0		1/2		0		
0		0		-4		0		0		0		0		0		0		0		0		0		0		0		0		0		-4		0		0		0		0		0		0		1		1		0		0		0		-1		1		0		
0		0		0		0		0		0		0		0		0		0		0		0		0		0		0		0		0		0		0		0		0		0		0		0		0		1		1		1		1		1		0		

variable that enters the basis: -1
we reached an optimal
Additional steps to have a basis in the original problem

Second phase matrix
Current state of A
0		0		0		0		0		0		0		0		0		0		0		0		0		0		0		0		0		0		1		0		0		1/4		0		0		0		3/2		
0		1		-1		-1		-1		-1		-1		-1		-1		-1		-1		-1		-1		-1		-1		-1		-1		-1		0		0		0		1/4		1/2		0		-1/2		1/2		
0		0		0		0		0		0		0		0		0		0		0		0		0		0		0		0		0		0		0		1		-1		0		0		0		1		0		
1		0		2		2		2		2		2		2		2		2		2		2		2		2		2		2		2		2		0		0		0		-1/2		-1/2		0		1/2		0		
0		0		-4		0		0		0		0		0		0		0		0		0		0		0		0		0		-4		0		0		0		0		0		0		1		1		0		
1		1		1		1		1		1		1		1		1		1		1		1		1		1		1		1		1		1		-1		1		-1		0		0		0		0		0		


Before executing simplex, we need to transform the relative cost of basic variables to zero
Operations to do so:
	R5 <- R5 - (-1)R0
Current state of A
0		0		0		0		0		0		0		0		0		0		0		0		0		0		0		0		0		0		1		0		0		1/4		0		0		0		3/2		
0		1		-1		-1		-1		-1		-1		-1		-1		-1		-1		-1		-1		-1		-1		-1		-1		-1		0		0		0		1/4		1/2		0		-1/2		1/2		
0		0		0		0		0		0		0		0		0		0		0		0		0		0		0		0		0		0		0		1		-1		0		0		0		1		0		
1		0		2		2		2		2		2		2		2		2		2		2		2		2		2		2		2		2		0		0		0		-1/2		-1/2		0		1/2		0		
0		0		-4		0		0		0		0		0		0		0		0		0		0		0		0		0		-4		0		0		0		0		0		0		1		1		0		
1		1		1		1		1		1		1		1		1		1		1		1		1		1		1		1		1		1		0		1		-1		1/4		0		0		0		3/2		

	R5 <- R5 - (1)R1
Current state of A
0		0		0		0		0		0		0		0		0		0		0		0		0		0		0		0		0		0		1		0		0		1/4		0		0		0		3/2		
0		1		-1		-1		-1		-1		-1		-1		-1		-1		-1		-1		-1		-1		-1		-1		-1		-1		0		0		0		1/4		1/2		0		-1/2		1/2		
0		0		0		0		0		0		0		0		0		0		0		0		0		0		0		0		0		0		0		1		-1		0		0		0		1		0		
1		0		2		2		2		2		2		2		2		2		2		2		2		2		2		2		2		2		0		0		0		-1/2		-1/2		0		1/2		0		
0		0		-4		0		0		0		0		0		0		0		0		0		0		0		0		0		-4		0		0		0		0		0		0		1		1		0		
1		0		2		2		2		2		2		2		2		2		2		2		2		2		2		2		2		2		0		1		-1		0		-1/2		0		1/2		1		

	R5 <- R5 - (1)R2
Current state of A
0		0		0		0		0		0		0		0		0		0		0		0		0		0		0		0		0		0		1		0		0		1/4		0		0		0		3/2		
0		1		-1		-1		-1		-1		-1		-1		-1		-1		-1		-1		-1		-1		-1		-1		-1		-1		0		0		0		1/4		1/2		0		-1/2		1/2		
0		0		0		0		0		0		0		0		0		0		0		0		0		0		0		0		0		0		0		1		-1		0		0		0		1		0		
1		0		2		2		2		2		2		2		2		2		2		2		2		2		2		2		2		2		0		0		0		-1/2		-1/2		0		1/2		0		
0		0		-4		0		0		0		0		0		0		0		0		0		0		0		0		0		-4		0		0		0		0		0		0		1		1		0		
1		0		2		2		2		2		2		2		2		2		2		2		2		2		2		2		2		2		0		0		0		0		-1/2		0		-1/2		1		

	R5 <- R5 - (1)R3
Current state of A
0		0		0		0		0		0		0		0		0		0		0		0		0		0		0		0		0		0		1		0		0		1/4		0		0		0		3/2		
0		1		-1		-1		-1		-1		-1		-1		-1		-1		-1		-1		-1		-1		-1		-1		-1		-1		0		0		0		1/4		1/2		0		-1/2		1/2		
0		0		0		0		0		0		0		0		0		0		0		0		0		0		0		0		0		0		0		1		-1		0		0		0		1		0		
1		0		2		2		2		2		2		2		2		2		2		2		2		2		2		2		2		2		0		0		0		-1/2		-1/2		0		1/2		0		
0		0		-4		0		0		0		0		0		0		0		0		0		0		0		0		0		-4		0		0		0		0		0		0		1		1		0		
0		0		0		0		0		0		0		0		0		0		0		0		0		0		0		0		0		0		0		0		0		1/2		0		0		-1		1		


 ========== We start the second phase problem


State of the simplex matrix:
Current state of A
0		0		0		0		0		0		0		0		0		0		0		0		0		0		0		0		0		0		1		0		0		1/4		0		0		0		3/2		
0		1		-1		-1		-1		-1		-1		-1		-1		-1		-1		-1		-1		-1		-1		-1		-1		-1		0		0		0		1/4		1/2		0		-1/2		1/2		
0		0		0		0		0		0		0		0		0		0		0		0		0		0		0		0		0		0		0		1		-1		0		0		0		1		0		
1		0		2		2		2		2		2		2		2		2		2		2		2		2		2		2		2		2		0		0		0		-1/2		-1/2		0		1/2		0		
0		0		-4		0		0		0		0		0		0		0		0		0		0		0		0		0		-4		0		0		0		0		0		0		1		1		0		
0		0		0		0		0		0		0		0		0		0		0		0		0		0		0		0		0		0		0		0		0		1/2		0		0		-1		1		

variable that enters the basis: 24
pivot row: 2
Elementary operations for this step:
	R2 <- (1)R2
	R1 <- R1 - (-1/2)R2
	R3 <- R3 - (1/2)R2
	R4 <- R4 - (1)R2
	R5 <- R5 - (-1)R2


State of the simplex matrix:
Current state of A
0		0		0		0		0		0		0		0		0		0		0		0		0		0		0		0		0		0		1		0		0		1/4		0		0		0		3/2		
0		1		-1		-1		-1		-1		-1		-1		-1		-1		-1		-1		-1		-1		-1		-1		-1		-1		0		1/2		-1/2		1/4		1/2		0		0		1/2		
0		0		0		0		0		0		0		0		0		0		0		0		0		0		0		0		0		0		0		1		-1		0		0		0		1		0		
1		0		2		2		2		2		2		2		2		2		2		2		2		2		2		2		2		2		0		-1/2		1/2		-1/2		-1/2		0		0		0		
0		0		-4		0		0		0		0		0		0		0		0		0		0		0		0		0		-4		0		0		-1		1		0		0		1		0		0		
0		0		0		0		0		0		0		0		0		0		0		0		0		0		0		0		0		0		0		1		-1		1/2		0		0		0		1		

variable that enters the basis: 20
pivot row: 3
Elementary operations for this step:
	R3 <- (2)R3
	R1 <- R1 - (-1/2)R3
	R2 <- R2 - (-1)R3
	R4 <- R4 - (1)R3
	R5 <- R5 - (-1)R3


State of the simplex matrix:
Current state of A
0		0		0		0		0		0		0		0		0		0		0		0		0		0		0		0		0		0		1		0		0		1/4		0		0		0		3/2		
1		1		1		1		1		1		1		1		1		1		1		1		1		1		1		1		1		1		0		0		0		-1/4		0		0		0		1/2		
2		0		4		4		4		4		4		4		4		4		4		4		4		4		4		4		4		4		0		0		0		-1		-1		0		1		0		
2		0		4		4		4		4		4		4		4		4		4		4		4		4		4		4		4		4		0		-1		1		-1		-1		0		0		0		
-2		0		-8		-4		-4		-4		-4		-4		-4		-4		-4		-4		-4		-4		-4		-4		-8		-4		0		0		0		1		1		1		0		0		
2		0		4		4		4		4		4		4		4		4		4		4		4		4		4		4		4		4		0		0		0		-1/2		-1		0		0		1		

variable that enters the basis: 21
pivot row: 4
Elementary operations for this step:
	R4 <- (1)R4
	R0 <- R0 - (1/4)R4
	R1 <- R1 - (-1/4)R4
	R2 <- R2 - (-1)R4
	R3 <- R3 - (-1)R4
	R5 <- R5 - (-1/2)R4


State of the simplex matrix:
Current state of A
1/2		0		2		1		1		1		1		1		1		1		1		1		1		1		1		1		2		1		1		0		0		0		-1/4		-1/4		0		3/2		
1/2		1		-1		0		0		0		0		0		0		0		0		0		0		0		0		0		-1		0		0		0		0		0		1/4		1/4		0		1/2		
0		0		-4		0		0		0		0		0		0		0		0		0		0		0		0		0		-4		0		0		0		0		0		0		1		1		0		
0		0		-4		0		0		0		0		0		0		0		0		0		0		0		0		0		-4		0		0		-1		1		0		0		1		0		0		
-2		0		-8		-4		-4		-4		-4		-4		-4		-4		-4		-4		-4		-4		-4		-4		-8		-4		0		0		0		1		1		1		0		0		
1		0		0		2		2		2		2		2		2		2		2		2		2		2		2		2		0		2		0		0		0		0		-1/2		1/2		0		1		

variable that enters the basis: 22
pivot row: 4
Elementary operations for this step:
	R4 <- (1)R4
	R0 <- R0 - (-1/4)R4
	R1 <- R1 - (1/4)R4
	R5 <- R5 - (-1/2)R4


State of the simplex matrix:
Current state of A
0		0		0		0		0		0		0		0		0		0		0		0		0		0		0		0		0		0		1		0		0		1/4		0		0		0		3/2		
1		1		1		1		1		1		1		1		1		1		1		1		1		1		1		1		1		1		0		0		0		-1/4		0		0		0		1/2		
0		0		-4		0		0		0		0		0		0		0		0		0		0		0		0		0		-4		0		0		0		0		0		0		1		1		0		
0		0		-4		0		0		0		0		0		0		0		0		0		0		0		0		0		-4		0		0		-1		1		0		0		1		0		0		
-2		0		-8		-4		-4		-4		-4		-4		-4		-4		-4		-4		-4		-4		-4		-4		-8		-4		0		0		0		1		1		1		0		0		
0		0		-4		0		0		0		0		0		0		0		0		0		0		0		0		0		-4		0		0		0		0		1/2		0		1		0		1		

variable that enters the basis: 2
pivot row: 1
Elementary operations for this step:
	R1 <- (1)R1
	R2 <- R2 - (-4)R1
	R3 <- R3 - (-4)R1
	R4 <- R4 - (-8)R1
	R5 <- R5 - (-4)R1


State of the simplex matrix:
Current state of A
0		0		0		0		0		0		0		0		0		0		0		0		0		0		0		0		0		0		1		0		0		1/4		0		0		0		3/2		
1		1		1		1		1		1		1		1		1		1		1		1		1		1		1		1		1		1		0		0		0		-1/4		0		0		0		1/2		
4		4		0		4		4		4		4		4		4		4		4		4		4		4		4		4		0		4		0		0		0		-1		0		1		1		2		
4		4		0		4		4		4		4		4		4		4		4		4		4		4		4		4		0		4		0		-1		1		-1		0		1		0		2		
6		8		0		4		4		4		4		4		4		4		4		4		4		4		4		4		0		4		0		0		0		-1		1		1		0		4		
4		4		0		4		4		4		4		4		4		4		4		4		4		4		4		4		0		4		0		0		0		-1/2		0		1		0		3		

variable that enters the basis: 21
pivot row: 0
Elementary operations for this step:
	R0 <- (4)R0
	R1 <- R1 - (-1/4)R0
	R2 <- R2 - (-1)R0
	R3 <- R3 - (-1)R0
	R4 <- R4 - (-1)R0
	R5 <- R5 - (-1/2)R0


State of the simplex matrix:
Current state of A
0		0		0		0		0		0		0		0		0		0		0		0		0		0		0		0		0		0		4		0		0		1		0		0		0		6		
1		1		1		1		1		1		1		1		1		1		1		1		1		1		1		1		1		1		1		0		0		0		0		0		0		2		
4		4		0		4		4		4		4		4		4		4		4		4		4		4		4		4		0		4		4		0		0		0		0		1		1		8		
4		4		0		4		4		4		4		4		4		4		4		4		4		4		4		4		0		4		4		-1		1		0		0		1		0		8		
6		8		0		4		4		4		4		4		4		4		4		4		4		4		4		4		0		4		4		0		0		0		1		1		0		10		
4		4		0		4		4		4		4		4		4		4		4		4		4		4		4		4		0		4		2		0		0		0		0		1		0		6		

variable that enters the basis: -1
we reached an optimal

optimal value is:-6
final state of variables
	x1 = 0
	x2 = 0
	x8 = 0
	x4 = 0
	x3 = 2
	x18 = 0
	x5 = 0
	x15 = 0
	x6 = 0
	x17 = 0
	x7 = 0
	x9 = 0
	x12 = 0
	x14 = 0
	x16 = 0
	x10 = 0
	x11 = 0
	x13 = 0
	x19 = 0
	x20 = -8
