Original standard problem matrix
Current state of A
1		1		1		1		1		1		1		1		1		1		1		1		0		0		0		0		0		0		0		2000		
1		0		0		0		1		0		0		0		1		0		0		0		-1		0		0		0		0		0		0		400		
0		1		0		0		0		1		0		0		0		1		0		0		0		-1		0		0		0		0		0		550		
0		0		1		0		0		0		1		0		0		0		1		0		0		0		-1		0		0		0		0		300		
0		0		0		1		0		0		0		1		0		0		0		1		0		0		0		-1		0		0		0		300		
1		1		1		1		0		0		0		0		0		0		0		0		0		0		0		0		-1		0		0		300		
0		0		0		0		1		1		1		1		0		0		0		0		0		0		0		0		0		-1		0		700		
0		0		0		0		0		0		0		0		1		1		1		1		0		0		0		0		0		0		-1		400		
19/4		13/2		13/2		5		21/4		23/4		25/4		25/4		13/2		15/2		15/2		29/4		0		0		0		0		0		0		0		0		

For first phase problem we consider the cost function: SumOfTheNewVariables 
First phase problem matrix
Current state of A
1		1		1		1		1		1		1		1		1		1		1		1		0		0		0		0		0		0		0		1		0		0		0		0		0		0		0		2000		
1		0		0		0		1		0		0		0		1		0		0		0		-1		0		0		0		0		0		0		0		1		0		0		0		0		0		0		400		
0		1		0		0		0		1		0		0		0		1		0		0		0		-1		0		0		0		0		0		0		0		1		0		0		0		0		0		550		
0		0		1		0		0		0		1		0		0		0		1		0		0		0		-1		0		0		0		0		0		0		0		1		0		0		0		0		300		
0		0		0		1		0		0		0		1		0		0		0		1		0		0		0		-1		0		0		0		0		0		0		0		1		0		0		0		300		
1		1		1		1		0		0		0		0		0		0		0		0		0		0		0		0		-1		0		0		0		0		0		0		0		1		0		0		300		
0		0		0		0		1		1		1		1		0		0		0		0		0		0		0		0		0		-1		0		0		0		0		0		0		0		1		0		700		
0		0		0		0		0		0		0		0		1		1		1		1		0		0		0		0		0		0		-1		0		0		0		0		0		0		0		1		400		
0		0		0		0		0		0		0		0		0		0		0		0		0		0		0		0		0		0		0		1		1		1		1		1		1		1		1		0		

Before executing simplex, we need to make relative cost of basis variables zero
This is accomplished by adding each restriction row to the cost row
First phase matrix
Current state of A
1		1		1		1		1		1		1		1		1		1		1		1		0		0		0		0		0		0		0		1		0		0		0		0		0		0		0		2000		
1		0		0		0		1		0		0		0		1		0		0		0		-1		0		0		0		0		0		0		0		1		0		0		0		0		0		0		400		
0		1		0		0		0		1		0		0		0		1		0		0		0		-1		0		0		0		0		0		0		0		1		0		0		0		0		0		550		
0		0		1		0		0		0		1		0		0		0		1		0		0		0		-1		0		0		0		0		0		0		0		1		0		0		0		0		300		
0		0		0		1		0		0		0		1		0		0		0		1		0		0		0		-1		0		0		0		0		0		0		0		1		0		0		0		300		
1		1		1		1		0		0		0		0		0		0		0		0		0		0		0		0		-1		0		0		0		0		0		0		0		1		0		0		300		
0		0		0		0		1		1		1		1		0		0		0		0		0		0		0		0		0		-1		0		0		0		0		0		0		0		1		0		700		
0		0		0		0		0		0		0		0		1		1		1		1		0		0		0		0		0		0		-1		0		0		0		0		0		0		0		1		400		
-3		-3		-3		-3		-3		-3		-3		-3		-3		-3		-3		-3		1		1		1		1		1		1		1		0		0		0		0		0		0		0		0		-4950		


 ========== We start the first phase problem


State of the simplex matrix:
Current state of A
1		1		1		1		1		1		1		1		1		1		1		1		0		0		0		0		0		0		0		1		0		0		0		0		0		0		0		2000		
1		0		0		0		1		0		0		0		1		0		0		0		-1		0		0		0		0		0		0		0		1		0		0		0		0		0		0		400		
0		1		0		0		0		1		0		0		0		1		0		0		0		-1		0		0		0		0		0		0		0		1		0		0		0		0		0		550		
0		0		1		0		0		0		1		0		0		0		1		0		0		0		-1		0		0		0		0		0		0		0		1		0		0		0		0		300		
0		0		0		1		0		0		0		1		0		0		0		1		0		0		0		-1		0		0		0		0		0		0		0		1		0		0		0		300		
1		1		1		1		0		0		0		0		0		0		0		0		0		0		0		0		-1		0		0		0		0		0		0		0		1		0		0		300		
0		0		0		0		1		1		1		1		0		0		0		0		0		0		0		0		0		-1		0		0		0		0		0		0		0		1		0		700		
0		0		0		0		0		0		0		0		1		1		1		1		0		0		0		0		0		0		-1		0		0		0		0		0		0		0		1		400		
-3		-3		-3		-3		-3		-3		-3		-3		-3		-3		-3		-3		1		1		1		1		1		1		1		0		0		0		0		0		0		0		0		-4950		

variable that enters the basis: 0
pivot row: 5
Elementary operations for this step:
	R5 <- (1)R5
	R0 <- R0 - (1)R5
	R1 <- R1 - (1)R5
	R8 <- R8 - (-3)R5


State of the simplex matrix:
Current state of A
0		0		0		0		1		1		1		1		1		1		1		1		0		0		0		0		1		0		0		1		0		0		0		0		-1		0		0		1700		
0		-1		-1		-1		1		0		0		0		1		0		0		0		-1		0		0		0		1		0		0		0		1		0		0		0		-1		0		0		100		
0		1		0		0		0		1		0		0		0		1		0		0		0		-1		0		0		0		0		0		0		0		1		0		0		0		0		0		550		
0		0		1		0		0		0		1		0		0		0		1		0		0		0		-1		0		0		0		0		0		0		0		1		0		0		0		0		300		
0		0		0		1		0		0		0		1		0		0		0		1		0		0		0		-1		0		0		0		0		0		0		0		1		0		0		0		300		
1		1		1		1		0		0		0		0		0		0		0		0		0		0		0		0		-1		0		0		0		0		0		0		0		1		0		0		300		
0		0		0		0		1		1		1		1		0		0		0		0		0		0		0		0		0		-1		0		0		0		0		0		0		0		1		0		700		
0		0		0		0		0		0		0		0		1		1		1		1		0		0		0		0		0		0		-1		0		0		0		0		0		0		0		1		400		
0		0		0		0		-3		-3		-3		-3		-3		-3		-3		-3		1		1		1		1		-2		1		1		0		0		0		0		0		3		0		0		-4050		

variable that enters the basis: 4
pivot row: 1
Elementary operations for this step:
	R1 <- (1)R1
	R0 <- R0 - (1)R1
	R6 <- R6 - (1)R1
	R8 <- R8 - (-3)R1


State of the simplex matrix:
Current state of A
0		1		1		1		0		1		1		1		0		1		1		1		1		0		0		0		0		0		0		1		-1		0		0		0		0		0		0		1600		
0		-1		-1		-1		1		0		0		0		1		0		0		0		-1		0		0		0		1		0		0		0		1		0		0		0		-1		0		0		100		
0		1		0		0		0		1		0		0		0		1		0		0		0		-1		0		0		0		0		0		0		0		1		0		0		0		0		0		550		
0		0		1		0		0		0		1		0		0		0		1		0		0		0		-1		0		0		0		0		0		0		0		1		0		0		0		0		300		
0		0		0		1		0		0		0		1		0		0		0		1		0		0		0		-1		0		0		0		0		0		0		0		1		0		0		0		300		
1		1		1		1		0		0		0		0		0		0		0		0		0		0		0		0		-1		0		0		0		0		0		0		0		1		0		0		300		
0		1		1		1		0		1		1		1		-1		0		0		0		1		0		0		0		-1		-1		0		0		-1		0		0		0		1		1		0		600		
0		0		0		0		0		0		0		0		1		1		1		1		0		0		0		0		0		0		-1		0		0		0		0		0		0		0		1		400		
0		-3		-3		-3		0		-3		-3		-3		0		-3		-3		-3		-2		1		1		1		1		1		1		0		3		0		0		0		0		0		0		-3750		

variable that enters the basis: 1
pivot row: 5
Elementary operations for this step:
	R5 <- (1)R5
	R0 <- R0 - (1)R5
	R1 <- R1 - (-1)R5
	R2 <- R2 - (1)R5
	R6 <- R6 - (1)R5
	R8 <- R8 - (-3)R5


State of the simplex matrix:
Current state of A
-1		0		0		0		0		1		1		1		0		1		1		1		1		0		0		0		1		0		0		1		-1		0		0		0		-1		0		0		1300		
1		0		0		0		1		0		0		0		1		0		0		0		-1		0		0		0		0		0		0		0		1		0		0		0		0		0		0		400		
-1		0		-1		-1		0		1		0		0		0		1		0		0		0		-1		0		0		1		0		0		0		0		1		0		0		-1		0		0		250		
0		0		1		0		0		0		1		0		0		0		1		0		0		0		-1		0		0		0		0		0		0		0		1		0		0		0		0		300		
0		0		0		1		0		0		0		1		0		0		0		1		0		0		0		-1		0		0		0		0		0		0		0		1		0		0		0		300		
1		1		1		1		0		0		0		0		0		0		0		0		0		0		0		0		-1		0		0		0		0		0		0		0		1		0		0		300		
-1		0		0		0		0		1		1		1		-1		0		0		0		1		0		0		0		0		-1		0		0		-1		0		0		0		0		1		0		300		
0		0		0		0		0		0		0		0		1		1		1		1		0		0		0		0		0		0		-1		0		0		0		0		0		0		0		1		400		
3		0		0		0		0		-3		-3		-3		0		-3		-3		-3		-2		1		1		1		-2		1		1		0		3		0		0		0		3		0		0		-2850		

variable that enters the basis: 5
pivot row: 2
Elementary operations for this step:
	R2 <- (1)R2
	R0 <- R0 - (1)R2
	R6 <- R6 - (1)R2
	R8 <- R8 - (-3)R2


State of the simplex matrix:
Current state of A
0		0		1		1		0		0		1		1		0		0		1		1		1		1		0		0		0		0		0		1		-1		-1		0		0		0		0		0		1050		
1		0		0		0		1		0		0		0		1		0		0		0		-1		0		0		0		0		0		0		0		1		0		0		0		0		0		0		400		
-1		0		-1		-1		0		1		0		0		0		1		0		0		0		-1		0		0		1		0		0		0		0		1		0		0		-1		0		0		250		
0		0		1		0		0		0		1		0		0		0		1		0		0		0		-1		0		0		0		0		0		0		0		1		0		0		0		0		300		
0		0		0		1		0		0		0		1		0		0		0		1		0		0		0		-1		0		0		0		0		0		0		0		1		0		0		0		300		
1		1		1		1		0		0		0		0		0		0		0		0		0		0		0		0		-1		0		0		0		0		0		0		0		1		0		0		300		
0		0		1		1		0		0		1		1		-1		-1		0		0		1		1		0		0		-1		-1		0		0		-1		-1		0		0		1		1		0		50		
0		0		0		0		0		0		0		0		1		1		1		1		0		0		0		0		0		0		-1		0		0		0		0		0		0		0		1		400		
0		0		-3		-3		0		0		-3		-3		0		0		-3		-3		-2		-2		1		1		1		1		1		0		3		3		0		0		0		0		0		-2100		

variable that enters the basis: 2
pivot row: 6
Elementary operations for this step:
	R6 <- (1)R6
	R0 <- R0 - (1)R6
	R2 <- R2 - (-1)R6
	R3 <- R3 - (1)R6
	R5 <- R5 - (1)R6
	R8 <- R8 - (-3)R6


State of the simplex matrix:
Current state of A
0		0		0		0		0		0		0		0		1		1		1		1		0		0		0		0		1		1		0		1		0		0		0		0		-1		-1		0		1000		
1		0		0		0		1		0		0		0		1		0		0		0		-1		0		0		0		0		0		0		0		1		0		0		0		0		0		0		400		
-1		0		0		0		0		1		1		1		-1		0		0		0		1		0		0		0		0		-1		0		0		-1		0		0		0		0		1		0		300		
0		0		0		-1		0		0		0		-1		1		1		1		0		-1		-1		-1		0		1		1		0		0		1		1		1		0		-1		-1		0		250		
0		0		0		1		0		0		0		1		0		0		0		1		0		0		0		-1		0		0		0		0		0		0		0		1		0		0		0		300		
1		1		0		0		0		0		-1		-1		1		1		0		0		-1		-1		0		0		0		1		0		0		1		1		0		0		0		-1		0		250		
0		0		1		1		0		0		1		1		-1		-1		0		0		1		1		0		0		-1		-1		0		0		-1		-1		0		0		1		1		0		50		
0		0		0		0		0		0		0		0		1		1		1		1		0		0		0		0		0		0		-1		0		0		0		0		0		0		0		1		400		
0		0		0		0		0		0		0		0		-3		-3		-3		-3		1		1		1		1		-2		-2		1		0		0		0		0		0		3		3		0		-1950		

variable that enters the basis: 8
pivot row: 3
Elementary operations for this step:
	R3 <- (1)R3
	R0 <- R0 - (1)R3
	R1 <- R1 - (1)R3
	R2 <- R2 - (-1)R3
	R5 <- R5 - (1)R3
	R6 <- R6 - (-1)R3
	R7 <- R7 - (1)R3
	R8 <- R8 - (-3)R3


State of the simplex matrix:
Current state of A
0		0		0		1		0		0		0		1		0		0		0		1		1		1		1		0		0		0		0		1		-1		-1		-1		0		0		0		0		750		
1		0		0		1		1		0		0		1		0		-1		-1		0		0		1		1		0		-1		-1		0		0		0		-1		-1		0		1		1		0		150		
-1		0		0		-1		0		1		1		0		0		1		1		0		0		-1		-1		0		1		0		0		0		0		1		1		0		-1		0		0		550		
0		0		0		-1		0		0		0		-1		1		1		1		0		-1		-1		-1		0		1		1		0		0		1		1		1		0		-1		-1		0		250		
0		0		0		1		0		0		0		1		0		0		0		1		0		0		0		-1		0		0		0		0		0		0		0		1		0		0		0		300		
1		1		0		1		0		0		-1		0		0		0		-1		0		0		0		1		0		-1		0		0		0		0		0		-1		0		1		0		0		0		
0		0		1		0		0		0		1		0		0		0		1		0		0		0		-1		0		0		0		0		0		0		0		1		0		0		0		0		300		
0		0		0		1		0		0		0		1		0		0		0		1		1		1		1		0		-1		-1		-1		0		-1		-1		-1		0		1		1		1		150		
0		0		0		-3		0		0		0		-3		0		0		0		-3		-2		-2		-2		1		1		1		1		0		3		3		3		0		0		0		0		-1200		

variable that enters the basis: 3
pivot row: 5
Elementary operations for this step:
	R5 <- (1)R5
	R0 <- R0 - (1)R5
	R1 <- R1 - (1)R5
	R2 <- R2 - (-1)R5
	R3 <- R3 - (-1)R5
	R4 <- R4 - (1)R5
	R7 <- R7 - (1)R5
	R8 <- R8 - (-3)R5


State of the simplex matrix:
Current state of A
-1		-1		0		0		0		0		1		1		0		0		1		1		1		1		0		0		1		0		0		1		-1		-1		0		0		-1		0		0		750		
0		-1		0		0		1		0		1		1		0		-1		0		0		0		1		0		0		0		-1		0		0		0		-1		0		0		0		1		0		150		
0		1		0		0		0		1		0		0		0		1		0		0		0		-1		0		0		0		0		0		0		0		1		0		0		0		0		0		550		
1		1		0		0		0		0		-1		-1		1		1		0		0		-1		-1		0		0		0		1		0		0		1		1		0		0		0		-1		0		250		
-1		-1		0		0		0		0		1		1		0		0		1		1		0		0		-1		-1		1		0		0		0		0		0		1		1		-1		0		0		300		
1		1		0		1		0		0		-1		0		0		0		-1		0		0		0		1		0		-1		0		0		0		0		0		-1		0		1		0		0		0		
0		0		1		0		0		0		1		0		0		0		1		0		0		0		-1		0		0		0		0		0		0		0		1		0		0		0		0		300		
-1		-1		0		0		0		0		1		1		0		0		1		1		1		1		0		0		0		-1		-1		0		-1		-1		0		0		0		1		1		150		
3		3		0		0		0		0		-3		-3		0		0		-3		-3		-2		-2		1		1		-2		1		1		0		3		3		0		0		3		0		0		-1200		

variable that enters the basis: 6
pivot row: 1
Elementary operations for this step:
	R1 <- (1)R1
	R0 <- R0 - (1)R1
	R3 <- R3 - (-1)R1
	R4 <- R4 - (1)R1
	R5 <- R5 - (-1)R1
	R6 <- R6 - (1)R1
	R7 <- R7 - (1)R1
	R8 <- R8 - (-3)R1


State of the simplex matrix:
Current state of A
-1		0		0		0		-1		0		0		0		0		1		1		1		1		0		0		0		1		1		0		1		-1		0		0		0		-1		-1		0		600		
0		-1		0		0		1		0		1		1		0		-1		0		0		0		1		0		0		0		-1		0		0		0		-1		0		0		0		1		0		150		
0		1		0		0		0		1		0		0		0		1		0		0		0		-1		0		0		0		0		0		0		0		1		0		0		0		0		0		550		
1		0		0		0		1		0		0		0		1		0		0		0		-1		0		0		0		0		0		0		0		1		0		0		0		0		0		0		400		
-1		0		0		0		-1		0		0		0		0		1		1		1		0		-1		-1		-1		1		1		0		0		0		1		1		1		-1		-1		0		150		
1		0		0		1		1		0		0		1		0		-1		-1		0		0		1		1		0		-1		-1		0		0		0		-1		-1		0		1		1		0		150		
0		1		1		0		-1		0		0		-1		0		1		1		0		0		-1		-1		0		0		1		0		0		0		1		1		0		0		-1		0		150		
-1		0		0		0		-1		0		0		0		0		1		1		1		1		0		0		0		0		0		-1		0		-1		0		0		0		0		0		1		0		
3		0		0		0		3		0		0		0		0		-3		-3		-3		-2		1		1		1		-2		-2		1		0		3		0		0		0		3		3		0		-750		

variable that enters the basis: 9
pivot row: 7
Elementary operations for this step:
	R7 <- (1)R7
	R0 <- R0 - (1)R7
	R1 <- R1 - (-1)R7
	R2 <- R2 - (1)R7
	R4 <- R4 - (1)R7
	R5 <- R5 - (-1)R7
	R6 <- R6 - (1)R7
	R8 <- R8 - (-3)R7


State of the simplex matrix:
Current state of A
0		0		0		0		0		0		0		0		0		0		0		0		0		0		0		0		1		1		1		1		0		0		0		0		-1		-1		-1		600		
-1		-1		0		0		0		0		1		1		0		0		1		1		1		1		0		0		0		-1		-1		0		-1		-1		0		0		0		1		1		150		
1		1		0		0		1		1		0		0		0		0		-1		-1		-1		-1		0		0		0		0		1		0		1		1		0		0		0		0		-1		550		
1		0		0		0		1		0		0		0		1		0		0		0		-1		0		0		0		0		0		0		0		1		0		0		0		0		0		0		400		
0		0		0		0		0		0		0		0		0		0		0		0		-1		-1		-1		-1		1		1		1		0		1		1		1		1		-1		-1		-1		150		
0		0		0		1		0		0		0		1		0		0		0		1		1		1		1		0		-1		-1		-1		0		-1		-1		-1		0		1		1		1		150		
1		1		1		0		0		0		0		-1		0		0		0		-1		-1		-1		-1		0		0		1		1		0		1		1		1		0		0		-1		-1		150		
-1		0		0		0		-1		0		0		0		0		1		1		1		1		0		0		0		0		0		-1		0		-1		0		0		0		0		0		1		0		
0		0		0		0		0		0		0		0		0		0		0		0		1		1		1		1		-2		-2		-2		0		0		0		0		0		3		3		3		-750		

variable that enters the basis: 16
pivot row: 4
Elementary operations for this step:
	R4 <- (1)R4
	R0 <- R0 - (1)R4
	R5 <- R5 - (-1)R4
	R8 <- R8 - (-2)R4


State of the simplex matrix:
Current state of A
0		0		0		0		0		0		0		0		0		0		0		0		1		1		1		1		0		0		0		1		-1		-1		-1		-1		0		0		0		450		
-1		-1		0		0		0		0		1		1		0		0		1		1		1		1		0		0		0		-1		-1		0		-1		-1		0		0		0		1		1		150		
1		1		0		0		1		1		0		0		0		0		-1		-1		-1		-1		0		0		0		0		1		0		1		1		0		0		0		0		-1		550		
1		0		0		0		1		0		0		0		1		0		0		0		-1		0		0		0		0		0		0		0		1		0		0		0		0		0		0		400		
0		0		0		0		0		0		0		0		0		0		0		0		-1		-1		-1		-1		1		1		1		0		1		1		1		1		-1		-1		-1		150		
0		0		0		1		0		0		0		1		0		0		0		1		0		0		0		-1		0		0		0		0		0		0		0		1		0		0		0		300		
1		1		1		0		0		0		0		-1		0		0		0		-1		-1		-1		-1		0		0		1		1		0		1		1		1		0		0		-1		-1		150		
-1		0		0		0		-1		0		0		0		0		1		1		1		1		0		0		0		0		0		-1		0		-1		0		0		0		0		0		1		0		
0		0		0		0		0		0		0		0		0		0		0		0		-1		-1		-1		-1		0		0		0		0		2		2		2		2		1		1		1		-450		

variable that enters the basis: 12
pivot row: 7
Elementary operations for this step:
	R7 <- (1)R7
	R0 <- R0 - (1)R7
	R1 <- R1 - (1)R7
	R2 <- R2 - (-1)R7
	R3 <- R3 - (-1)R7
	R4 <- R4 - (-1)R7
	R6 <- R6 - (-1)R7
	R8 <- R8 - (-1)R7


State of the simplex matrix:
Current state of A
1		0		0		0		1		0		0		0		0		-1		-1		-1		0		1		1		1		0		0		1		1		0		-1		-1		-1		0		0		-1		450		
0		-1		0		0		1		0		1		1		0		-1		0		0		0		1		0		0		0		-1		0		0		0		-1		0		0		0		1		0		150		
0		1		0		0		0		1		0		0		0		1		0		0		0		-1		0		0		0		0		0		0		0		1		0		0		0		0		0		550		
0		0		0		0		0		0		0		0		1		1		1		1		0		0		0		0		0		0		-1		0		0		0		0		0		0		0		1		400		
-1		0		0		0		-1		0		0		0		0		1		1		1		0		-1		-1		-1		1		1		0		0		0		1		1		1		-1		-1		0		150		
0		0		0		1		0		0		0		1		0		0		0		1		0		0		0		-1		0		0		0		0		0		0		0		1		0		0		0		300		
0		1		1		0		-1		0		0		-1		0		1		1		0		0		-1		-1		0		0		1		0		0		0		1		1		0		0		-1		0		150		
-1		0		0		0		-1		0		0		0		0		1		1		1		1		0		0		0		0		0		-1		0		-1		0		0		0		0		0		1		0		
-1		0		0		0		-1		0		0		0		0		1		1		1		0		-1		-1		-1		0		0		-1		0		1		2		2		2		1		1		2		-450		

variable that enters the basis: 0
pivot row: 0
Elementary operations for this step:
	R0 <- (1)R0
	R4 <- R4 - (-1)R0
	R7 <- R7 - (-1)R0
	R8 <- R8 - (-1)R0


State of the simplex matrix:
Current state of A
1		0		0		0		1		0		0		0		0		-1		-1		-1		0		1		1		1		0		0		1		1		0		-1		-1		-1		0		0		-1		450		
0		-1		0		0		1		0		1		1		0		-1		0		0		0		1		0		0		0		-1		0		0		0		-1		0		0		0		1		0		150		
0		1		0		0		0		1		0		0		0		1		0		0		0		-1		0		0		0		0		0		0		0		1		0		0		0		0		0		550		
0		0		0		0		0		0		0		0		1		1		1		1		0		0		0		0		0		0		-1		0		0		0		0		0		0		0		1		400		
0		0		0		0		0		0		0		0		0		0		0		0		0		0		0		0		1		1		1		1		0		0		0		0		-1		-1		-1		600		
0		0		0		1		0		0		0		1		0		0		0		1		0		0		0		-1		0		0		0		0		0		0		0		1		0		0		0		300		
0		1		1		0		-1		0		0		-1		0		1		1		0		0		-1		-1		0		0		1		0		0		0		1		1		0		0		-1		0		150		
0		0		0		0		0		0		0		0		0		0		0		0		1		1		1		1		0		0		0		1		-1		-1		-1		-1		0		0		0		450		
0		0		0		0		0		0		0		0		0		0		0		0		0		0		0		0		0		0		0		1		1		1		1		1		1		1		1		0		

variable that enters the basis: -1
we reached an optimal
Additional steps to have a basis in the original problem

Second phase matrix
Current state of A
1		0		0		0		1		0		0		0		0		-1		-1		-1		0		1		1		1		0		0		1		450		
0		-1		0		0		1		0		1		1		0		-1		0		0		0		1		0		0		0		-1		0		150		
0		1		0		0		0		1		0		0		0		1		0		0		0		-1		0		0		0		0		0		550		
0		0		0		0		0		0		0		0		1		1		1		1		0		0		0		0		0		0		-1		400		
0		0		0		0		0		0		0		0		0		0		0		0		0		0		0		0		1		1		1		600		
0		0		0		1		0		0		0		1		0		0		0		1		0		0		0		-1		0		0		0		300		
0		1		1		0		-1		0		0		-1		0		1		1		0		0		-1		-1		0		0		1		0		150		
0		0		0		0		0		0		0		0		0		0		0		0		1		1		1		1		0		0		0		450		
19/4		13/2		13/2		5		21/4		23/4		25/4		25/4		13/2		15/2		15/2		29/4		0		0		0		0		0		0		0		0		


Before executing simplex, we need to transform the relative cost of basic variables to zero
Operations to do so:
	R8 <- R8 - (19/4)R0
Current state of A
1		0		0		0		1		0		0		0		0		-1		-1		-1		0		1		1		1		0		0		1		450		
0		-1		0		0		1		0		1		1		0		-1		0		0		0		1		0		0		0		-1		0		150		
0		1		0		0		0		1		0		0		0		1		0		0		0		-1		0		0		0		0		0		550		
0		0		0		0		0		0		0		0		1		1		1		1		0		0		0		0		0		0		-1		400		
0		0		0		0		0		0		0		0		0		0		0		0		0		0		0		0		1		1		1		600		
0		0		0		1		0		0		0		1		0		0		0		1		0		0		0		-1		0		0		0		300		
0		1		1		0		-1		0		0		-1		0		1		1		0		0		-1		-1		0		0		1		0		150		
0		0		0		0		0		0		0		0		0		0		0		0		1		1		1		1		0		0		0		450		
0		13/2		13/2		5		1/2		23/4		25/4		25/4		13/2		49/4		49/4		12		0		-19/4		-19/4		-19/4		0		0		-19/4		-4275/2		

	R8 <- R8 - (25/4)R1
Current state of A
1		0		0		0		1		0		0		0		0		-1		-1		-1		0		1		1		1		0		0		1		450		
0		-1		0		0		1		0		1		1		0		-1		0		0		0		1		0		0		0		-1		0		150		
0		1		0		0		0		1		0		0		0		1		0		0		0		-1		0		0		0		0		0		550		
0		0		0		0		0		0		0		0		1		1		1		1		0		0		0		0		0		0		-1		400		
0		0		0		0		0		0		0		0		0		0		0		0		0		0		0		0		1		1		1		600		
0		0		0		1		0		0		0		1		0		0		0		1		0		0		0		-1		0		0		0		300		
0		1		1		0		-1		0		0		-1		0		1		1		0		0		-1		-1		0		0		1		0		150		
0		0		0		0		0		0		0		0		0		0		0		0		1		1		1		1		0		0		0		450		
0		51/4		13/2		5		-23/4		23/4		0		0		13/2		37/2		49/4		12		0		-11		-19/4		-19/4		0		25/4		-19/4		-3075		

	R8 <- R8 - (23/4)R2
Current state of A
1		0		0		0		1		0		0		0		0		-1		-1		-1		0		1		1		1		0		0		1		450		
0		-1		0		0		1		0		1		1		0		-1		0		0		0		1		0		0		0		-1		0		150		
0		1		0		0		0		1		0		0		0		1		0		0		0		-1		0		0		0		0		0		550		
0		0		0		0		0		0		0		0		1		1		1		1		0		0		0		0		0		0		-1		400		
0		0		0		0		0		0		0		0		0		0		0		0		0		0		0		0		1		1		1		600		
0		0		0		1		0		0		0		1		0		0		0		1		0		0		0		-1		0		0		0		300		
0		1		1		0		-1		0		0		-1		0		1		1		0		0		-1		-1		0		0		1		0		150		
0		0		0		0		0		0		0		0		0		0		0		0		1		1		1		1		0		0		0		450		
0		7		13/2		5		-23/4		0		0		0		13/2		51/4		49/4		12		0		-21/4		-19/4		-19/4		0		25/4		-19/4		-12475/2		

	R8 <- R8 - (13/2)R3
Current state of A
1		0		0		0		1		0		0		0		0		-1		-1		-1		0		1		1		1		0		0		1		450		
0		-1		0		0		1		0		1		1		0		-1		0		0		0		1		0		0		0		-1		0		150		
0		1		0		0		0		1		0		0		0		1		0		0		0		-1		0		0		0		0		0		550		
0		0		0		0		0		0		0		0		1		1		1		1		0		0		0		0		0		0		-1		400		
0		0		0		0		0		0		0		0		0		0		0		0		0		0		0		0		1		1		1		600		
0		0		0		1		0		0		0		1		0		0		0		1		0		0		0		-1		0		0		0		300		
0		1		1		0		-1		0		0		-1		0		1		1		0		0		-1		-1		0		0		1		0		150		
0		0		0		0		0		0		0		0		0		0		0		0		1		1		1		1		0		0		0		450		
0		7		13/2		5		-23/4		0		0		0		0		25/4		23/4		11/2		0		-21/4		-19/4		-19/4		0		25/4		7/4		-17675/2		

	R8 <- R8 - (0)R4
Current state of A
1		0		0		0		1		0		0		0		0		-1		-1		-1		0		1		1		1		0		0		1		450		
0		-1		0		0		1		0		1		1		0		-1		0		0		0		1		0		0		0		-1		0		150		
0		1		0		0		0		1		0		0		0		1		0		0		0		-1		0		0		0		0		0		550		
0		0		0		0		0		0		0		0		1		1		1		1		0		0		0		0		0		0		-1		400		
0		0		0		0		0		0		0		0		0		0		0		0		0		0		0		0		1		1		1		600		
0		0		0		1		0		0		0		1		0		0		0		1		0		0		0		-1		0		0		0		300		
0		1		1		0		-1		0		0		-1		0		1		1		0		0		-1		-1		0		0		1		0		150		
0		0		0		0		0		0		0		0		0		0		0		0		1		1		1		1		0		0		0		450		
0		7		13/2		5		-23/4		0		0		0		0		25/4		23/4		11/2		0		-21/4		-19/4		-19/4		0		25/4		7/4		-17675/2		

	R8 <- R8 - (5)R5
Current state of A
1		0		0		0		1		0		0		0		0		-1		-1		-1		0		1		1		1		0		0		1		450		
0		-1		0		0		1		0		1		1		0		-1		0		0		0		1		0		0		0		-1		0		150		
0		1		0		0		0		1		0		0		0		1		0		0		0		-1		0		0		0		0		0		550		
0		0		0		0		0		0		0		0		1		1		1		1		0		0		0		0		0		0		-1		400		
0		0		0		0		0		0		0		0		0		0		0		0		0		0		0		0		1		1		1		600		
0		0		0		1		0		0		0		1		0		0		0		1		0		0		0		-1		0		0		0		300		
0		1		1		0		-1		0		0		-1		0		1		1		0		0		-1		-1		0		0		1		0		150		
0		0		0		0		0		0		0		0		0		0		0		0		1		1		1		1		0		0		0		450		
0		7		13/2		0		-23/4		0		0		-5		0		25/4		23/4		1/2		0		-21/4		-19/4		1/4		0		25/4		7/4		-20675/2		

	R8 <- R8 - (13/2)R6
Current state of A
1		0		0		0		1		0		0		0		0		-1		-1		-1		0		1		1		1		0		0		1		450		
0		-1		0		0		1		0		1		1		0		-1		0		0		0		1		0		0		0		-1		0		150		
0		1		0		0		0		1		0		0		0		1		0		0		0		-1		0		0		0		0		0		550		
0		0		0		0		0		0		0		0		1		1		1		1		0		0		0		0		0		0		-1		400		
0		0		0		0		0		0		0		0		0		0		0		0		0		0		0		0		1		1		1		600		
0		0		0		1		0		0		0		1		0		0		0		1		0		0		0		-1		0		0		0		300		
0		1		1		0		-1		0		0		-1		0		1		1		0		0		-1		-1		0		0		1		0		150		
0		0		0		0		0		0		0		0		0		0		0		0		1		1		1		1		0		0		0		450		
0		1/2		0		0		3/4		0		0		3/2		0		-1/4		-3/4		1/2		0		5/4		7/4		1/4		0		-1/4		7/4		-22625/2		

	R8 <- R8 - (0)R7
Current state of A
1		0		0		0		1		0		0		0		0		-1		-1		-1		0		1		1		1		0		0		1		450		
0		-1		0		0		1		0		1		1		0		-1		0		0		0		1		0		0		0		-1		0		150		
0		1		0		0		0		1		0		0		0		1		0		0		0		-1		0		0		0		0		0		550		
0		0		0		0		0		0		0		0		1		1		1		1		0		0		0		0		0		0		-1		400		
0		0		0		0		0		0		0		0		0		0		0		0		0		0		0		0		1		1		1		600		
0		0		0		1		0		0		0		1		0		0		0		1		0		0		0		-1		0		0		0		300		
0		1		1		0		-1		0		0		-1		0		1		1		0		0		-1		-1		0		0		1		0		150		
0		0		0		0		0		0		0		0		0		0		0		0		1		1		1		1		0		0		0		450		
0		1/2		0		0		3/4		0		0		3/2		0		-1/4		-3/4		1/2		0		5/4		7/4		1/4		0		-1/4		7/4		-22625/2		


 ========== We start the second phase problem


State of the simplex matrix:
Current state of A
1		0		0		0		1		0		0		0		0		-1		-1		-1		0		1		1		1		0		0		1		450		
0		-1		0		0		1		0		1		1		0		-1		0		0		0		1		0		0		0		-1		0		150		
0		1		0		0		0		1		0		0		0		1		0		0		0		-1		0		0		0		0		0		550		
0		0		0		0		0		0		0		0		1		1		1		1		0		0		0		0		0		0		-1		400		
0		0		0		0		0		0		0		0		0		0		0		0		0		0		0		0		1		1		1		600		
0		0		0		1		0		0		0		1		0		0		0		1		0		0		0		-1		0		0		0		300		
0		1		1		0		-1		0		0		-1		0		1		1		0		0		-1		-1		0		0		1		0		150		
0		0		0		0		0		0		0		0		0		0		0		0		1		1		1		1		0		0		0		450		
0		1/2		0		0		3/4		0		0		3/2		0		-1/4		-3/4		1/2		0		5/4		7/4		1/4		0		-1/4		7/4		-22625/2		

variable that enters the basis: 9
pivot row: 6
Elementary operations for this step:
	R6 <- (1)R6
	R0 <- R0 - (-1)R6
	R1 <- R1 - (-1)R6
	R2 <- R2 - (1)R6
	R3 <- R3 - (1)R6
	R8 <- R8 - (-1/4)R6


State of the simplex matrix:
Current state of A
1		1		1		0		0		0		0		-1		0		0		0		-1		0		0		0		1		0		1		1		600		
0		0		1		0		0		0		1		0		0		0		1		0		0		0		-1		0		0		0		0		300		
0		0		-1		0		1		1		0		1		0		0		-1		0		0		0		1		0		0		-1		0		400		
0		-1		-1		0		1		0		0		1		1		0		0		1		0		1		1		0		0		-1		-1		250		
0		0		0		0		0		0		0		0		0		0		0		0		0		0		0		0		1		1		1		600		
0		0		0		1		0		0		0		1		0		0		0		1		0		0		0		-1		0		0		0		300		
0		1		1		0		-1		0		0		-1		0		1		1		0		0		-1		-1		0		0		1		0		150		
0		0		0		0		0		0		0		0		0		0		0		0		1		1		1		1		0		0		0		450		
0		3/4		1/4		0		1/2		0		0		5/4		0		0		-1/2		1/2		0		1		3/2		1/4		0		0		7/4		-11275		

variable that enters the basis: 10
pivot row: 6
Elementary operations for this step:
	R6 <- (1)R6
	R1 <- R1 - (1)R6
	R2 <- R2 - (-1)R6
	R8 <- R8 - (-1/2)R6


State of the simplex matrix:
Current state of A
1		1		1		0		0		0		0		-1		0		0		0		-1		0		0		0		1		0		1		1		600		
0		-1		0		0		1		0		1		1		0		-1		0		0		0		1		0		0		0		-1		0		150		
0		1		0		0		0		1		0		0		0		1		0		0		0		-1		0		0		0		0		0		550		
0		-1		-1		0		1		0		0		1		1		0		0		1		0		1		1		0		0		-1		-1		250		
0		0		0		0		0		0		0		0		0		0		0		0		0		0		0		0		1		1		1		600		
0		0		0		1		0		0		0		1		0		0		0		1		0		0		0		-1		0		0		0		300		
0		1		1		0		-1		0		0		-1		0		1		1		0		0		-1		-1		0		0		1		0		150		
0		0		0		0		0		0		0		0		0		0		0		0		1		1		1		1		0		0		0		450		
0		5/4		3/4		0		0		0		0		3/4		0		1/2		0		1/2		0		1/2		1		1/4		0		1/2		7/4		-11200		

variable that enters the basis: -1
we reached an optimal

optimal value is:11200
final state of variables
	cg26 = 550
	cp18 = 250
	sv41 = 0
	sv26 = 0
	sv51 = 300
	cg18 = 0
	sv18 = 600
	cg41 = 150
	cp41 = 150
	cp26 = 0
	cg51 = 0
	cp51 = 0
